|               | ICTSEccParallel13      | ICTSEccParallel12      | ICTSEccParallel01      | ICTSEccParallel15      | ICTSEccParallel10      | ICTSEccParallel02     | ICTSEccParallel06      | ICTSEccParallel09      | ICTSEccParallel17      | ICTSEccParallel11      | ICTSEccParallel04    | ICTSEccParallel03    | ICTSEccParallel08   | ICTSEccParallel07     | ICTSEccParallel05    | ICTSEccParallel14      | ICTSEccParallel16      |
|:--------------|:-----------------------|:-----------------------|:-----------------------|:-----------------------|:-----------------------|:----------------------|:-----------------------|:-----------------------|:-----------------------|:-----------------------|:---------------------|:---------------------|:--------------------|:----------------------|:---------------------|:-----------------------|:-----------------------|
| Omega0        | 0.012577211664435643   | 0.012577211664435643   | 0.015218138970335915   | 0.012593772047274417   | 0.01716971039007491    | 0.012064948841137117  | 0.020278486565661166   | 0.01033695636236009    | 0.012593772047274417   | 0.012578416086064663   | 0.028486197153204308 | 0.028386399721385347 | 0.03689287556564369 | 0.024527087630365357  | 0.028528354284316014 | 0.012577211664435643   | 0.012593772047274417   |
| adot0         | -0.0007210390393638183 | -0.0007210390393638183 | 0.00019383522893926187 | -0.0007221856985274338 | -0.0004565923568523473 | 0.0007924128839084587 | -0.0013935460258743062 | 0.00019467839161208423 | -0.0007221856985274338 | -0.0007211224548238781 | 0.0                  | 0.0                  | 0.0                 | 0.0014816982757681145 | 0.0                  | -0.0007210390393638183 | -0.0007221856985274338 |
| D0            | 17.11033289652353      | 17.11033289652353      | 15.41363184492864      | 17.110722189632547     | 14.323074329602226     | 17.989610179992535    | 12.079903151474314     | 19.016724298367887     | 17.110722189632547     | 17.110361206586006     | 9.9                  | 9.9                  | 8.36                | 10.790100570464455    | 9.9                  | 17.11033289652353      | 17.110722189632547     |
| MassRatio     | 9.5                    | 9.5                    | 3.0                    | 5.0                    | 11.0                   | 2.5                   | 9.0                    | 11.0                   | 5.0                    | 9.0                    | 2.0                  | 3.5                  | 5.0                 | 8.0                   | 1.4                  | 9.5                    | 5.0                    |
| ChiA          | (0.0,0.0,0.6)          | (0.0,0.0,0.3)          | (0.3,0,0.0)            | (0.0,0.0,0.3)          | (0.0,0,-0.4)           | (-0.1,-0.4,0.0)       | (0.1,-0.3,-0.2)        | (0.0,0,-0.4)           | (0.0,0.0,-0.6)         | (0.0,0.0,0.8)          | (0.0,0.0,0.4)        | (0.2,0.1,0.0)        | (0.0,0,0.1)         | (0.0,0,0.5)           | (0.0,0.0,-0.5)       | (0.0,0.0,-0.6)         | (0.0,0.0,0.6)          |
| ChiB          | (0.0,0.0,0.3)          | (0.0,0.0,0.3)          | (0.3,0.0,0)            | (0.0,0.0,0.3)          | (0.0,0.0,0.2)          | (0.1,0.4,0.0)         | (0.0,0.0,0.1)          | (0.0,0.0,0.2)          | (0.0,0.0,-0.3)         | (0.0,0.0,0.8)          | (0.0,0.0,0.2)        | (0.2,0.1,0.0)        | (0.0,0.0,-0.2)      | (0.0,0.0,-0.2)        | (0.0,0.0,0.2)        | (0.0,0.0,-0.3)         | (0.0,0.0,0.3)          |
| IDType        | SHK                    | SHK                    | SHK                    | SHK                    | SHK                    | SHK                   | SHK                    | SHK                    | SHK                    | SHK                    | SHK                  | SHK                  | SHK                 | SHK                   | SHK                  | SHK                    | SHK                    |
| ReferenceTime | 0.0                    | 0.0                    | 0.0                    | 0.0                    | 0.0                    | 0.0                   | 0.0                    | 0.0                    | 0.0                    | 0.0                    | 0.0                  | 0.0                  | 0.0                 | 0.0                   | 0.0                  | 0.0                    | 0.0                    |
| SemiMajorAxis | 16.0                   | 16.0                   | 16.0                   | 16.0                   | 16.0                   | 18.0                  | 11.0                   | 16.0                   | 16.0                   | 16.0                   | 11.0                 | 11.0                 | 11.0                | 11.0                  | 11.0                 | 16.0                   | 16.0                   |
| Eccentricity  | 0.1                    | 0.1                    | 0.04                   | 0.1                    | 0.11                   | 0.08                  | 0.14                   | 0.19                   | 0.1                    | 0.1                    | 0.1                  | 0.1                  | 0.24                | 0.09                  | 0.1                  | 0.1                    | 0.1                    |
| AnomalyAngle  | 4.0                    | 4.0                    | 0.4                    | 4.0                    | 6.0                    | 1.5                   | 4.0                    | 3.0                    | 4.0                    | 4.0                    | 0.0                  | 0.0                  | 0.0                 | 1.3                   | 0.0                  | 4.0                    | 4.0                    |
